initial_pose_x: 26.172981
initial_pose_y: 11.608950
initial_pose_a: 0.368769

